25 50 44 46 2d 31 2e 33 0a 25 e2 e3 cf d3 0a 0a
0a 31 20 30 20 6f 62 6a 0a 3c 3c 2f 57 69 64 74
68 20 32 20 30 20 52 2f 48 65 69 67 68 74 20 33
20 30 20 52 2f 54 79 70 65 20 34 20 30 20 52 2f
53 75 62 74 79 70 65 20 35 20 30 20 52 2f 46 69
6c 74 65 72 20 36 20 30 20 52 2f 43 6f 6c 6f 72
53 70 61 63 65 20 37 20 30 20 52 2f 4c 65 6e 67
74 68 20 38 20 30 20 52 2f 42 69 74 73 50 65 72
43 6f 6d 70 6f 6e 65 6e 74 20 38 3e 3e 0a 73 74
72 65 61 6d 0a ff d8 ff fe 00 24 53 48 41 2d 31
20 69 73 20 64 65 61 64 21 21 21 21 21 85 2f ec
09 23 39 75 9c 39 b1 a1 c6 3c 4c 97 e1 ff fe 01
