
00010001011011000001000000001000110010100000000000000000101000001010001000000011
10000000000000010000000001010111000000100000000000010000000000010010001000001000
00000101000000101000000000100001110000000001000000000000000101000000010010000000
00000001011000000000000000000000010001110100000111000110000011000000100000000000
00010000000000010011000100111000000100011101010000001000000010000001010000000010
00010000010010000000000000100100100010000000000000001000000000100001000010000000
01000000011000000001000100100010000000100000001111000000010000000000000000001000
00000010100100000000000000011000000010000010001001000110010100000000000000000001
10000110000000000010000000010011100000010000000000000011100000100000000001010000
00000000000100000000000110001010101110000001000000000000000000010010010000000000
00001000010010000000000000000001000010010000000011000100000000010000110010100000
10100000100000010000000000110000000001100101001010100000010001000000000010100000
00000000000010001001001000000000010001000000001100000000000000000001001010000001
00000111110010000000000000110100100000000000011000001010111000000001010000000000
00000000001001000000100000000000010000000001000101000000000000000100000010000100
00001010000100100000000101001000010000000010001000100110001100100000100110010011
10001001000010001011000111000110000001000000001000010000010100000001000001000000
00000100000011001010000100000000010000000111000000001000000000000000000001001010
00000001000011000010100000000000001000110000000010100000001001000000010010000001
10100010000001100001000000001000001000000100110100101000000010001000100000000000
00100001000000000100010001000101000000011000100000010000000000000001000100000000
00101100000001000000000000000001001000000011100000110000000001000001010000101111
00010010001100000000010000011011100000000000001000101101000000000011100101110000
00000000100010001001000000000000000000000000001011001001100000010000001000100100
00000000000100100100000011000110000010000110000000101100000000000010000000000100
01010000100100000000001100000000010000000000001100000100100100001000011001000100
01000000011001010000100001000000111100010000001000000001000100001010000000000000
00010001110000001001001000000010001000100001001101100010010000000000000100011001
00010000011000000000100001100000000011000100001001010010100000000000100000101001
01000000000000000010011000100101101100000100100010000101100010101100001000000000
00010000000000001000000010000000001000001000100001000010001100101010000000100000
00000000100000001000110000000000001000000100000010000001101000110000001000010100
10000010000001110110010000011000010000001000100000000011000000111010001010100000
01100110000000000010000100000100000000001100000010100100010010000011010000000100
00110010000101000100010000100010000000000100010100001100010010100000000000001000
01011000001000100000010000000000000000110100000000001000100100000000000000000100
00000000000010000110000011100000000000111000000010000000010100000001100000010100
00010100000000101011010000000000000011000010000000000001000100101000001000000100
10000000000000001000000000000000001000010000110000000000001100010010100100001000
00010000000001000001010000000000001101001000000000011000010010000010000010000110
11001000000000010000100000000101000101100010100000001100000000001000100100000010
01001100010000010001001100000000001100100000100000100000010010000000000011010010
00000010000001000010010101000000010001001000010100001000100000001000000010100000
00100111010000000100100000000000000000001111001100000000000000000000000000000000
00010001010000000100010000000010100000011010001001000000000000000100000000000000
01101000000101000000000101000100000000000001000001000000000010110001100100000000
00010110000000000010011000100001110000100000000000000010100001100100100010000000
00110000100001001001000000010001010010000001100010001010010100000000011000000100
00000101100001101001010001001000110000001100010010000011000010000000000100001000
00100000000000000000001010000100100000100001000110010000100000000000001100101011
01000000010110011100000000001010000100010010010010010010000000101000100010000000
00000000100001110000001001000000000001010001000000000000000010000100100010001000
00001000000100000000100001000001000000101010000000001000001001000010000000000001
00000100000001010101000001000000100100000000000011000100010001001000001010000000
00000001100000001000000000000111100000000000000100100000000000000000010000101110
00000010001000001010000101100100000000101000010001000011000111010000001000110010
00100000000000000000000000101000000001000011001000000001011000000000000001010000
10010100000000000000010000000000000000001001000000000100000000111000011001000100
01101001010000000000100000100100010000000000111100010010000010000000000000000001
01010000000001000000100000000001110000000101000101100001100100010000010101101000
10001000100000100000010000000101000000000010010000000100000001000000100010101101
11111010010000100000000000101000000010100000000000000001000000001011100000000001
00000000010000001000101010101000100000000001011000010000001000100010000110100001
10110000110000101110000000000000001000101100010000000000010100000001010001001000
00001000000110100100000100110010000000000000001001010000001000000000000000010010
00000010000000000101000000000101000100000010100100100000000000000000000000000000
00100100001110000000000001010000000100101010010111000000000000001100101000100000
00000101000000000000000110000110100000100000100000000001000000110010010000010100
00001000000010000010000000010000000100010001000010001000000010001000000100100000
01000110000000001000000000000100001001000000000000000000010000000000000011100000
00000011000000000001010010100000000010000000100000010001000000001001000000000011
00000000110000000000000000000010100100100011000010001100010000010010000000000001
00010000000000000010000100000000000000000000000010000000001010000100100000000000
00000011001100010000100000000110000100000000000000000100010000000000010000010010
00000000100000000001001000000000000000000000100100000000100000000000000101110000
00001001110001000000000100000000000100100001000000001000100001000000000010101010
10000000000100000001000011100010000000001010010000000101000000010101000000111010
00011000110010011110100000000000000000100000000000000101000100000010000000000000
00000000000000101000001000000000100010010000000001111000001000101000000001100100
00001000001000011010001000100000000000000000100100000100100001100000000001010100
total possible arrangements: 1
