
000001000000011001000000010000001100000001100001100000100000
000000101000000100001000000000110000010000000110100000000000
010111001001010000000010000001000111001000001001001000000000
100000000000000000000001100110000000000000000100100000100000
000101000001010010000001001000000001000001101100010000000100
011001110001000001010000001000000110100000000100000011001000
001010000000000100010000000000100001100000110111101000010000
000001111000010101000001000000000001000000010000010100000101
010011001101000010000000100010010100000001100100001000010010
110000010000001000000000000000000000000101010001000000000000
100000010010010100000001110101100100000100000001100000100000
000110000001000001000000101000100000000000000000000101000000
001000000000110000000000100011100100000010000000000110000000
001001001001000000001000000101000000000000010001010001001000
010000100000000000000000100100100000100001001000100000100000
001010110101001000000001000110000000101110000000000001000010
000000000000000000000010000000000000000000000000000101000000
100000000000000010111000010000010010100010000000100000100000
000100101001110000000100000000000000000100000110000010000000
000000001000001100000000100000100000010000100100000000000100
000010000010000100100000000000010000000000000000100100000010
000000000100000001000010100001000000110110000000011000100001
001100000000000011010010000000000001000000100000000100001100
010011000000000000000010000100000100001110110000000000111100
100101000100100000000000110000100110000000000111010001010010
000000010100001000001000010010000100011001000000000000010010
000000000010100100010000000000000000100000010000000010000000
000110010000100000000001001010010000001011000010000101000100
000010001000010000000100000011000100000000101001101100000011
110000001000001000001010000000000011100010010001000010101000
000011000000010011001000010000000000000010000000000000000010
101000000000000000100000001000000100001100000000000110001000
100100000000100000000010100010000000011000000000000000110000
110001101011001001110001101000010101000000000010000000100110
010000000000111010000000000000010000101001100000010000100000
000000000001010010000100001010000000001010000001010001010110
010000000000000010000100000000001000000100000000010000000101
110000011110000010010010100000000011000000000001000000100001
010000000000000010100100001100000000100000000010110000100010
100000000010010000001100000000100010001000100000111110010001
000001000000000000010000010101000001000011000000000100100110
000100010000001001000000100000000001100000000100000000000000
000001000000000000101100000000000001001000100100010001000100
000100000000010000000000000010100010000000000000110010011100
000000000000000000100100000110000101000010100000000011010001
001000000000110000001110100000000000001100000001010001110000
000000101101001010001010110000101000001000010000001000000000
010000000100000010000010000001010000001001000000001000010000
000100001100000000000011000000110010000000010000100001000010
000010000000000110100010101001001000000000000000010000000000
100010010001000001110010000000000001010100000011000100100000
000010001000000001110010000110000011110000100100010000000101
100100000000011010000100000100001000000000000001000000000000
001010000000000010010010000011000100000001000100001000000000
011000000000100100000010001000000010010001000100000010000100
100001000001100000000000000000100000010000110001000100100000
000100100100000000110010000000000000000000101001101000010001
000010000000100000001100000100000000000000000000000000100010
001000100100000000000000000000100000000000000010001000000000
110000000000011010000000100000000000000001000100011000000000
total possible arrangements: 1
