
001010001010001100001000001000
000000001000000000000010000100
100000000000000000000000000000
010000001011001000010010100100
000000010001000010001001000101
100000000010010100000000000000
110101010100000000010000000110
001001010000000010001000000000
000000000100000100010100000000
100110100000000101001000100000
000000100000000000001000011000
000000010000010000000000010000
110000001010010000010011010000
000100000000010010000100010100
000000101000000100010001000010
000011000000001000000011101000
000011000010000000000000010000
000000000000001001000000000110
000100000000000000110000100010
100000000100000000000000000000
001110001010001000010000000000
100000000000011010001001001011
110010100100000101000000000000
000000110110010111100000000000
001010100000100000000000110101
010000101001001010000000001110
001000000000100101000101100100
000100110000000010000100101000
000000000000000001000001110000
110000000010100000000000000000
total possible arrangements: 1
