
000110000000011000011000000100110000001010000000010100000000000010010000100001011001000000
011000000000010000110000000000100100000000000000000000001000001100001001000010001000100000
001100000000000101000010100000000000001011100000000011000010000010000001100001000000000000
000000001001001000000000001001000110000000100001010100100000000000100000000100000100000101
000100010000000001101001000000000101000100000000100011001000000010000001001100100010100000
001000000000101001000000010000000001100100100001001000000000000100000000000001000000000000
010000000000000100010000100100000000000000100000000000000000010000000000010100000000001001
000010000100010000000001000000001010001000101000000100101110000000000010000000000000000000
010000000100001000100100100000000001001101000000000000000101010101000100000010001000000011
000100000010000000100000010000011000011110001001000010000000011100000000100010001100110000
000000100100001000011101000000001001000100110010000010010010001010101001010000000110001001
010000000000000100000000000010001010101010010011000001110001000010010000010000000100101110
000001000010000000010001010000000000000000100000000100100000011100000010100000000011001000
100100101000000100000000011000000000000010000100000000001000000010000000000101010000000010
010010000000000010000010000010000000000110010000000000110000001000000000000010000000001001
000010001000000001000000011000000000000010010000000000000000011100000001000000011000000001
001000000100100000100000100001011010000000000000100000100001001000000000000000110000101110
000000000000110010010100010000000000000001000000000100001100010000000000100100001000011000
000000110010000110000000100000000001111100000001001010000010101101000110001001100011000000
000010101001000000100100000001001011000100011000100000010100000000000001100000010100000000
000001000100000001000100011000000000000100000000000010000010000000010100010000110000011110
101000001000000000000000110000100000000000011001000000000000100000000100000001000000000001
000000000011000000000000010000000000000000000000110000000000000001100110010000000000000000
000000010000100000011000001010000010110000011000001100100000010101000000001000000000000000
000110100000000101001000000000000011000100010100010100000000000000000000000000000111001000
000010000100011001000001010000000000000000000000001000000001100010000000010001010000100000
001010000001001000000010001000001000000000000000000101000000000010000000000100000000010001
000000000000000000000001000000000101000100000000000100100000010000100100000011000100000101
000000000000100100100000000000010000100100101100010000001000000000000100000110001000110000
000010000000000000010100000000010100100111100011000000000000010000110010000001010000000100
000100000011000100000100000001000000100000000001000010100000000000000001001001100001100011
010100100100000100001001100010010001000010100000001000000000010100110001101110000000100001
000010000000000000010000000100001000000000000001000000000000000010010000100000000001001000
000000100001010010001000010000000000010000000000000100010000000001000001000000010010000000
000110000011000000000000000001000100000011000011010000101100000000100000001010000110000001
010100000010100001000000000000100000000100000001000000000001100000010010000010000000010000
000000000000001010001001100000100000100000001000100001110000000000010001101010100101010000
000000000000000100010100011001010000000100000000000001000000100000000001000010000000010000
000010000001001000000000000011001010010000000000000000000000000000111110111000000000000000
000001100000000100000110000001000010101000000000101000101000100000000000000000000000000100
000000010000001010001010000110000000000010011000000000000101000000001000000000000100000000
010000100000001010101100100000100010000000110000000001000000011000010010000000000000001000
010101000001000010000100010100000010000000100001000001000000000000010000111000000110000010
100000100000000110100001000001000000000000000000100001001011001000000000011010100110100101
000010000000011000000010000000000000000100000001000000100000000000000000001000001000100000
000000010010000001000000100100010000000000000000100010000001000101000000000111000000000101
000000000000000010100000000000001101000011000000001000000000101000001000000000001111011010
110000000100101000000000011011001001010100100000000000101000100000000001100000000100001100
010000000000000010001000100000100101010000000000001101000000010000000000000100000001011000
110010010001001001011011010000100000000000000000110000010001010000000100001000000010000010
010100110000100011001000100000010000100000000010100011000000010010000000000001000001000000
001001100001000000100000000100001100000011000100001011100000100001000010000110000000010111
100000000100100000000000000101000010000000000010100001000000000000000000000010000000000001
001000000000001000110000100000000010101100001001001000100001000100000000000001000000000000
000000000000000000001001001000100001001010100001000010011000000000101000001010010000110100
000000000010110000100011010000010101011000000000000000010010000101010100010010010000000100
001000010000001011010000000010000000000000100100000001100000001001110000010101010000001000
000000000000001010100001000100000000000000100010000001000100000110010000000000000000000000
000000001000000100000000000000100010000000110000010000000010000000011000001010001011000000
000000101000000010000000010000000000000000000000100001100000000000010001000001000001100010
011010000000010100000001010000010100001011000000011000100000000000000000001000000100000000
110000010001000000000000001000000100001000000010001000000000010100001000000010000101000100
000001001011000000000000000110000101000001100000010000000000000110010000000001010001011100
000010011010000000100001000010100000001000010000001100101100010011000000101000101000100110
000001000000010000101101000000000000000110000000100110000001000011001110000000100110000100
000100010000011000101100000100000000000001010000100000010000000100000101000010000000010000
000000100001100001000000101101000010000100000010010000000000000000000001000100000010010000
001001000000101011000000010001010000000101000000000000000000000001100010010100010001100000
011001000000101010000000011000000100000100100100000000101001110000000010100000000110100011
001000100110000001100001000010000001000001000000010000000000100010000100000000000010010011
100000000000000000100000000100000110011100000010000001111000000000000000010000001000000000
001100000010110001000000010010000000010010000000101010100010000100000100001000010000000000
000000000101000000001101000000010110010001100111100010000110000110010000001001011000000000
100000001100001000000000000101000101100000010000100100100001000010000010000000010000000011
000100000100001010000011100001010000001000001010000010100000010011001001000100001110010101
000001000000000010001000100000010100010001000110000000000110100110100010000100001101101001
001000001000000001000010001000000000101100100010010000001010010010000100000000001000000000
001001001100000000000100010010000000000000000010000000101000000011000010000001011000000010
000000010000000001010000100100101000010000000000100010010010000101001000001010011001000001
010000000000010000000011011000100000000000101100000000000000101000010101001010000100111000
010101010000000010000000001010010100001001110010100000000101010001100100000001010000100000
001010001000000011000100100000001010100000011010010000010001000001100000000000110000011100
100000100001000100000001000000001110010000000010000100000110100000000101000000101100100100
010000010010010100000000000010001100000000101000000000000010011000101000100011000001100100
010001100001000000011001000010000000011000100000001110101000000010000010001000111100000100
000000000000100001100000001000000000110001001001000000000010000110110100000001000000000010
100100100100000001100010000011001001000010000001000001000000001000000010100000000001010001
000000000010010001000011000000000100010001000000000010000001010110100000000000000000000000
100000010100000000100000000000000011011101101100000000000000000011000010100001011000000000
000000000000000000010000010001100000000000000000001000010000010001100000000000001000100010
total possible arrangements: 1
