
0000000000000001000100000000010100000000000010110110000000000000001001
1100100000000000010000000000110000010000000100010010000000000100001000
1000000000000000101110100000100000010000000000000000100100101010000100
0000000100000110010001000000100000010101000000110000000001000000001000
0000000000011000000000110001010001010011000000100010100011000100001100
0010000100000000000000000000101100010001001000010011000001000010010000
0100001000000011000100100110100000000000010001000100010010110000000000
0001100010000101000001000110100000010001100000100000010000100000010100
0000001010000000000000000000000100100000000011010001100010000000000100
0001100000000000101000000010010000110011000010000011001000000110110011
0011000000000000001000000000011010101000000000000100000000000010000000
0001000100000000000000000100100000100001000001000110011000000000101000
0110100100000000000000010000010000000010011000111000000100000100110000
0000000000010001000000000000101000000000010011100000000000000100000000
0000000010000000100000111100000000011001000000000000000000001000100000
1010000000100000000000100000000000010000000001000011010010000100011001
0000000100000000000010000000000100010000000000101000000000101100000000
0001000010000100001000111110101010101011000010000000000000001010001001
0000000001000101000000000010010000000000000111000101101110001000000100
0000000111010000000000010001001010010001001000000100000001000000100000
0000000010100111000000000000100000110000001100000110000000010000000001
0010000000000000100000010001000010000011000000000100001001010000100000
0000000001001100010001000000000000000000000000000100001001000010100010
0000000000100000000100010000001000000001000100011001000000000000001101
0000001000000000010000000001010000000000001001000001100111001001010010
0100000010000000101000000000010000000001000000010000100100100010000000
0000001000000010000011000000011000000000000000010001011101000000000000
0111001000010000010001010100000101100101000100000000000000000010000000
0110000001000000000100001011101000000000000000011011000001000000011000
0000001000000011011000000000001010100010000000000000000000001000100000
1000000010000000000000100000000011000100001001010000000010000001101000
1010000001100000000100001110000000000000000100001000000000000000000110
0001100101000001000000000000000001010000101100100100001100000000000000
0000000000000000000000000100100000000100000010000000000000011000000000
0000000000100000111001110110110001000010010000100010000000100000100000
0010101000010001000000001000100111000000010011000000000001110000010000
0000010110100000100010000000000011000101000000001000000100000110001010
0000000010010000000000000001000000010010010000000100000000000000100000
0000010010000001000100100000001000100000000010001101110000000100001000
0100000000001000000000010000011101000000000000010100110010000000100000
0000000000110000000000100000010100000001010011100010100000000001100000
0000010001100001110000100010001010000000001010000000100100000000000011
1000101000100000010001000000100000000100010000000001000000000001000000
0001100011101001010001100001010001000000100000000000001000000001000000
1001000000000110001000000000000000000010001010010001000000010000000110
0000000000000000000001000001000000000000001010001010001001000011100000
0110000001011000010001001011100000111001000000011010000000100001000000
0000001001100010000101100001100000010000000100000010000010000110101010
0100000100000001110000100000001000000000000000010110000101000001001001
0001000001000000000000000111001111000000100000000000000000001000010001
1100010000000001100000001010000100000000000000001101000011100001100010
0000000000000000001100100000000001000110000010000000000000010001010000
0000000000100101100000000000000111000000110000100000000010001000000000
0011001010000000010010001101010010000000000001000000001001000000000001
0010000000011000000010011000001000000101001000000010000010000010011000
0000100000101001000010000100000011000000000000000110000110000000010000
0000010001000000001001100110000000100000100000100000010000000010000100
1000010000100000000000100000010010100000110010001001100001010000000000
0001000000010000000010010010000100011000111000000000000000001001000100
0110000011000001010001000100100001011010001000010001000000000000000011
0000000101000001010010000001000001000001000101000011000000010110000000
0000000100000000100010000000100101000100001010010001000000001011100001
1000000101011110000000001001101000100010001010100000001001000010100000
0100001010000011100000000011000000000100001000100000000000000000100000
0100100000100100000010000010100011000001000001010000000001000000000000
0000000010000000100010000101000001000000000100000000011000000011110100
0100000111100110010000001001000010100000110010001000100100000000010001
0000000000000010100000000000000000100101011100110000001000110010000100
0001000000100000000000000000000000110001000001000011000000000111001000
0000011001001101100010000100000000000000000000000100000000100000001100
total possible arrangements: 1
