
01101010000000001010000100010010011000010010100000
01100000000000001000001000000000001000100101000001
00000101000100000000100011000000110010000110000000
00000010000000000001000000000101000000010010000000
01100000000001010000010001100001001000001010010110
10000110000000000011000000000100000000000000000000
00010000001101000011001000000100000000000001000000
00001010000000101000000010000010100000000001010110
00000000000000000000000010000100000001000000010010
00010001000000000110010001000001000001000010000000
00000100100000101111000000000010001110000001001100
10000100100001000000000000000100001001100000000000
10000000100000011000100000100000000001000010000001
10000000000000000000100000100000100010101110001000
01001010000000000000000001110000110001000000100000
10010000100000000000110000000000101000110010000001
10000000000000101100010000010010000000001000000000
10000001010000000000000100010001010100000000100000
00000011000100011000000000100000101010000000010000
10110000010000000000000010011100000000101000000000
00000100000001000001100100101000011001000010000010
01010000000101000010001101000110100100000000000000
01000101000001000000000000000000000001000010000000
00001010100001100000001110000001000110001000000000
00000000010000010010000001000010100110000000000110
00001010000000001000100111000001000001000000100011
11111001000000000000000001000001001000100000001000
00001010000000000000000000000001001000110000111100
00000101001100010000100100000000100100000000011010
00000010000000000010100001000100100000110000000101
10000011000001110011000110100010010100000000010000
00010000101000000110100010001000001000000000001000
00100100000111000001000001000000000000000100000000
01100000000100101000110001000000100000001000100000
00000010000000101000000000001011000000011001000011
00000000000101001110000000000010000000000000000001
11010000001001000000000101000000000010000000000010
01100000100000000000000000000000001000001000010000
00011000000000000000000000000101000000010100011001
10011001100010000000100101101000001000110010001001
01000100000000000000100101000010110000100011010000
01010000110010100000000101000001111000001000011010
00010000100000101000000000001000000010000000110000
11011000000010000010001100000000010000010000000101
00000000001100110001000001100000010101010000010000
00000001010000000000000000000100000011000000000000
00000000100000100001000010000000100000000010100000
10000001000000001001001000010000000000000000101110
00010000100000000100000100100000000000000100101000
11000000000000100001000000000000000000001000100010
total possible arrangements: 1
