
0000010100001001100000000010110010000000
0000000010000000100000000110000110010000
0010001100000000000001100110010000010000
0000001000101111000100000010010000110000
1110110101000100001100010000000001000100
1001100000010000000000000001101101000100
0000000001100000001010000010000100000000
1000000000000001000000000001110000000110
0110000100000011000000000000000010001000
0001000100000000100000001000010000100100
1010001100101000000000101001000000000001
0000001100000110001010010100000000000000
1000001001001001000111100000000001000000
0000000000010000110000010000001001000000
0000000010000000000100111000000110000100
1000000000001111100000000000010110001000
1010000001000100010100010000000000001000
0000100000000000011110010010000000000100
0000000110001000010000110010000010001000
0000000000000011000000001000000011000010
0101010000001001010000010010000101011000
1001000000100000000000000010000000000000
0100110100000010000100010011110000000000
1000000011000010010000001000000010000100
0000010011100110010011010010110001000000
0100101000001000000100001111000000100000
0000010000000000000000001001000000000100
0000100000000000000000000001000000000000
0000010110000010000000000000000100000110
0001001000111001000000100000000010010110
0000000101000100000000100000000000000000
0000000010000001000000000000000111000011
1000010000000001000000000100000010000000
0111000000000110000001000000000100000000
0000000001000001000000000000000000010000
1101001100100000000110000000001001000101
0000000110000000000000010000000011000010
0001000100010010010101000000110100000000
0000000000100000001101100000000001001010
1010100000000000001010000000001000000000
total possible arrangements: 1
